Id,SalePrice
1461,114013.58
1462,155255.12
1463,181503.83
1464,203218.45
1465,191846.92
1466,172428.86
1467,182978.42
1468,167944.17
1469,193075.33
1470,112495.43
1471,185069.61
1472,96130.34
1473,91667.48
1474,145023.7
1475,92022.25
1476,342231.44
1477,250691.94
1478,299836.06
1479,295920.4
1480,447195.94
1481,307936.97
1482,216606.95
1483,172038.92
1484,165450.58
1485,196240.72
1486,202849.27
1487,309973.2
1488,241670.42
1489,191164.17
1490,243021.58
1491,200852.67
1492,89960.02
1493,207125.7
1494,293280.25
1495,272174.12
1496,241435.48
1497,165336.64
1498,160057.08
1499,161531.66
1500,153482.77
1501,205642.2
1502,148310.14
1503,291334.72
1504,238202.14
1505,224789.31
1506,195333.1
1507,247082.75
1508,198898.67
1509,151993.75
1510,148991.52
1511,143859.55
1512,181372.3
1513,142099.5
1514,165020.58
1515,209598.92
1516,165589.53
1517,174592.84
1518,114848.05
1519,229168.73
1520,122490.44
1521,124211.59
1522,199616.36
1523,94939.95
1524,112095.33
1525,107758.78
1526,98002.67
1527,106388.34
1528,135484.92
1529,147101.23
1530,223143.73
1531,139954.17
1532,107881.09
1533,151491.98
1534,121607.22
1535,148129.42
1536,103783.34
1537,63083.445
1538,167650.64
1539,204735.84
1540,123306.22
1541,145666.36
1542,135549.06
1543,189644.14
1544,82973.96
1545,122090.01
1546,154247.5
1547,135317.36
1548,137557.38
1549,125367.086
1550,147915.02
1551,111464.88
1552,148783.47
1553,161483.64
1554,112288.55
1555,161266.16
1556,74015.92
1557,110144.95
1558,94236.11
1559,72445.39
1560,122977.75
1561,127591.086
1562,128479.65
1563,120597.29
1564,159542.31
1565,156333.64
1566,245867.11
1567,65803.39
1568,242785.64
1569,133164.45
1570,137316.39
1571,96557.06
1572,141827.2
1573,239238.47
1574,126349.875
1575,233934.7
1576,252062.73
1577,186870.67
1578,152050.77
1579,133327.11
1580,195702.83
1581,160862.92
1582,126439.88
1583,298402.4
1584,225829.05
1585,143700.47
1586,54384.13
1587,94654.375
1588,153900.77
1589,106064.56
1590,116959.87
1591,86885.375
1592,140205.33
1593,132007.69
1594,130472.59
1595,104427.266
1596,220530.88
1597,190042.36
1598,204017.34
1599,183096.89
1600,175015.98
1601,43802.39
1602,122262.234
1603,61542.125
1604,279130.4
1605,243408.56
1606,157427.94
1607,157452.28
1608,220318.48
1609,188768.08
1610,159232.8
1611,139237.28
1612,181826.33
1613,179020.17
1614,134230.92
1615,91607.83
1616,68215.305
1617,82002.266
1618,111037.36
1619,150302.02
1620,179007.69
1621,130186.33
1622,148533.62
1623,264667.94
1624,213090.05
1625,112000.03
1626,189234.55
1627,190682.39
1628,273659.03
1629,173112.45
1630,327753.84
1631,222249.39
1632,230541.19
1633,183391.84
1634,191834.23
1635,180085.03
1636,149893.3
1637,193386.14
1638,191461.1
1639,188504.36
1640,235638.06
1641,180541.86
1642,253324.66
1643,216085.2
1644,232508.3
1645,215718.72
1646,163454.34
1647,155317.95
1648,128757.86
1649,134007.25
1650,118814.42
1651,118257.17
1652,102139.58
1653,102563.46
1654,144664.1
1655,122519.21
1656,137288.53
1657,152709.2
1658,150433.22
1659,115088.53
1660,153456.73
1661,407075.47
1662,343524.9
1663,351223.5
1664,431840.0
1665,305659.9
1666,315875.8
1667,330401.2
1668,334572.8
1669,304646.72
1670,334813.47
1671,268509.38
1672,389508.56
1673,295824.25
1674,253048.55
1675,205757.52
1676,208730.36
1677,222780.36
1678,441891.66
1679,359118.8
1680,315827.72
1681,264155.66
1682,304941.88
1683,195470.66
1684,187078.47
1685,183252.8
1686,171793.89
1687,176113.36
1688,201712.6
1689,203606.02
1690,207772.98
1691,195731.42
1692,260395.23
1693,173645.45
1694,188276.3
1695,166552.73
1696,264776.78
1697,178341.73
1698,324207.2
1699,324643.25
1700,261437.97
1701,270357.38
1702,238878.83
1703,243082.03
1704,272803.44
1705,255493.48
1706,361507.16
1707,216281.83
1708,203347.34
1709,258180.45
1710,224839.36
1711,279578.4
1712,254226.14
1713,269250.97
1714,222304.17
1715,206426.89
1716,177175.61
1717,182888.58
1718,136581.84
1719,215582.98
1720,236843.45
1721,161556.92
1722,117987.05
1723,156593.47
1724,213679.7
1725,233916.89
1726,187867.45
1727,151040.56
1728,176593.6
1729,169537.33
1730,165441.97
1731,116961.55
1732,127140.63
1733,109052.05
1734,114563.19
1735,115381.11
1736,91178.23
1737,304272.66
1738,255750.14
1739,255137.27
1740,221522.58
1741,198401.14
1742,181897.86
1743,184170.05
1744,327826.16
1745,225683.19
1746,192104.92
1747,217448.05
1748,215670.16
1749,135316.47
1750,122939.234
1751,245492.3
1752,109525.22
1753,154698.92
1754,197183.14
1755,174220.39
1756,137464.73
1757,112281.03
1758,156216.7
1759,170622.8
1760,172590.8
1761,167510.5
1762,184459.06
1763,175790.98
1764,107648.7
1765,170199.02
1766,197560.02
1767,239318.03
1768,139424.89
1769,173235.88
1770,166652.44
1771,115484.945
1772,134988.22
1773,117585.586
1774,156826.14
1775,141083.61
1776,131424.25
1777,102627.64
1778,147069.75
1779,138920.98
1780,178625.83
1781,119501.586
1782,72389.49
1783,155806.8
1784,105876.69
1785,124136.69
1786,147028.45
1787,171081.39
1788,44650.836
1789,103489.3
1790,69378.12
1791,211896.42
1792,166222.23
1793,132029.67
1794,175089.64
1795,125659.734
1796,129265.12
1797,130301.85
1798,119266.83
1799,95452.47
1800,109762.78
1801,121704.65
1802,136663.62
1803,159126.39
1804,129756.7
1805,132719.4
1806,120926.625
1807,151474.17
1808,125940.72
1809,135570.58
1810,144731.61
1811,93014.66
1812,101665.125
1813,124280.164
1814,89391.96
1815,46823.85
1816,89068.68
1817,117305.375
1818,160316.86
1819,120214.18
1820,40324.47
1821,106674.86
1822,159516.02
1823,34056.227
1824,146871.73
1825,144671.89
1826,92422.16
1827,104617.81
1828,144793.89
1829,164536.8
1830,157522.19
1831,147822.89
1832,76656.22
1833,141422.42
1834,112803.516
1835,121267.24
1836,123720.19
1837,83440.38
1838,117931.99
1839,105647.22
1840,159440.05
1841,123802.79
1842,90471.84
1843,141202.58
1844,132892.9
1845,143503.2
1846,148411.98
1847,170670.48
1848,42392.61
1849,122828.484
1850,113118.02
1851,139584.52
1852,117875.09
1853,126929.445
1854,163928.89
1855,142921.89
1856,232118.47
1857,131724.58
1858,131093.53
1859,106909.26
1860,143703.52
1861,108898.555
1862,308942.78
1863,297115.0
1864,297128.62
1865,342202.7
1866,325006.97
1867,227091.28
1868,289902.06
1869,217557.7
1870,227296.08
1871,259577.14
1872,186576.6
1873,248393.62
1874,147205.2
1875,193976.4
1876,203006.86
1877,208288.42
1878,204051.81
1879,124235.96
1880,128150.79
1881,248395.97
1882,242354.89
1883,184210.48
1884,198704.48
1885,226414.23
1886,276902.94
1887,224774.02
1888,266205.88
1889,179317.78
1890,105699.31
1891,120355.21
1892,93716.4
1893,119951.984
1894,115345.8
1895,134184.56
1896,116853.06
1897,119231.77
1898,106031.195
1899,156150.8
1900,156486.77
1901,178145.39
1902,155988.73
1903,220891.45
1904,151956.05
1905,202292.33
1906,160326.9
1907,213091.48
1908,107983.03
1909,138070.45
1910,122090.5
1911,218938.42
1912,304694.84
1913,178455.98
1914,49785.76
1915,313784.62
1916,39139.562
1917,241934.05
1918,135504.86
1919,169198.78
1920,164848.5
1921,364387.78
1922,318833.47
1923,231924.27
1924,234981.75
1925,214239.69
1926,362332.2
1927,123874.88
1928,171944.86
1929,113286.01
1930,120085.77
1931,136696.27
1932,132057.89
1933,190424.77
1934,186522.52
1935,175223.48
1936,196637.92
1937,181308.77
1938,172525.73
1939,246715.6
1940,192949.05
1941,170173.67
1942,172077.73
1943,217544.62
1944,338110.75
1945,359009.3
1946,136575.67
1947,283205.88
1948,177316.75
1949,246926.17
1950,194859.14
1951,250018.36
1952,209579.52
1953,186415.14
1954,189071.02
1955,128995.39
1956,292136.44
1957,159207.61
1958,276832.78
1959,138703.06
1960,87833.19
1961,126751.49
1962,94805.09
1963,110928.25
1964,104507.016
1965,135630.39
1966,131858.33
1967,299111.25
1968,386873.88
1969,356434.06
1970,373092.28
1971,419907.75
1972,361077.38
1973,288585.12
1974,323994.7
1975,445137.2
1976,284691.5
1977,352161.2
1978,325727.72
1979,318027.34
1980,193834.58
1981,339268.03
1982,227905.6
1983,211898.06
1984,181756.8
1985,230747.78
1986,213914.27
1987,193336.11
1988,184129.27
1989,201779.23
1990,218750.02
1991,236225.3
1992,233246.5
1993,175569.11
1994,226741.14
1995,189449.48
1996,283159.06
1997,301837.06
1998,303731.38
1999,292641.44
2000,303542.38
2001,289973.72
2002,249498.14
2003,259608.89
2004,293218.44
2005,225076.77
2006,216641.11
2007,250563.88
2008,229869.67
2009,207450.3
2010,198211.36
2011,137415.25
2012,178346.89
2013,177063.64
2014,190573.08
2015,207230.14
2016,197572.7
2017,199581.19
2018,113348.734
2019,130197.7
2020,76627.43
2021,87825.98
2022,204764.75
2023,134895.06
2024,279691.88
2025,344689.72
2026,173835.83
2027,160983.86
2028,156025.78
2029,170773.48
2030,259139.12
2031,235837.45
2032,247622.55
2033,244299.88
2034,171911.22
2035,235835.4
2036,211713.39
2037,213711.81
2038,298590.0
2039,229722.98
2040,315965.12
2041,290761.4
2042,206897.16
2043,179200.86
2044,177523.48
2045,200705.11
2046,129839.07
2047,135089.6
2048,148475.86
2049,138000.7
2050,162605.58
2051,108115.94
2052,115314.31
2053,146141.44
2054,77648.56
2055,165679.03
2056,140677.02
2057,100455.52
2058,224170.95
2059,131521.78
2060,186141.61
2061,173487.97
2062,115835.54
2063,109180.52
2064,139246.89
2065,119240.57
2066,175864.98
2067,125241.84
2068,142563.67
2069,84352.25
2070,104813.82
2071,96132.805
2072,164982.17
2073,122526.62
2074,181849.28
2075,152985.9
2076,126759.83
2077,148816.89
2078,118711.91
2079,136437.66
2080,110786.58
2081,114416.43
2082,128447.75
2083,147363.17
2084,103103.72
2085,96119.98
2086,116681.34
2087,117700.625
2088,102683.0
2089,66384.81
2090,127263.59
2091,96632.63
2092,147050.56
2093,136425.98
2094,115968.19
2095,143876.55
2096,79908.95
2097,97173.516
2098,149821.89
2099,37872.926
2100,58373.168
2101,125007.09
2102,126614.34
2103,92257.3
2104,127545.06
2105,142278.62
2106,43151.918
2107,205835.53
2108,116162.42
2109,103487.2
2110,124049.68
2111,141067.98
2112,139163.05
2113,107034.4
2114,112567.49
2115,158242.77
2116,125988.28
2117,157845.89
2118,120188.164
2119,113661.375
2120,120627.39
2121,100525.48
2122,114646.97
2123,87679.164
2124,171005.55
2125,137624.2
2126,162049.95
2127,178339.67
2128,130965.516
2129,78235.48
2130,128200.05
2131,143905.34
2132,121503.42
2133,126441.516
2134,121257.625
2135,100712.62
2136,59086.453
2137,105692.984
2138,125840.16
2139,142181.52
2140,141279.11
2141,154619.89
2142,123102.29
2143,155287.73
2144,104746.41
2145,140064.05
2146,182697.64
2147,151903.7
2148,137138.42
2149,143196.45
2150,236866.0
2151,115843.93
2152,177957.52
2153,188331.02
2154,103959.39
2155,135266.67
2156,247483.7
2157,240315.55
2158,235076.64
2159,214371.53
2160,199092.23
2161,243469.86
2162,372194.2
2163,344996.62
2164,245846.47
2165,205156.4
2166,162858.62
2167,216900.95
2168,185409.67
2169,194166.8
2170,212739.64
2171,154559.7
2172,138484.55
2173,185805.55
2174,222978.36
2175,281052.66
2176,296670.7
2177,240787.61
2178,217824.4
2179,136882.42
2180,219535.06
2181,194276.62
2182,222947.67
2183,191838.0
2184,118890.63
2185,116711.58
2186,157597.45
2187,150533.58
2188,159277.98
2189,295307.94
2190,72693.47
2191,60342.438
2192,78760.89
2193,119499.695
2194,115824.39
2195,87638.086
2196,89850.98
2197,113853.31
2198,169716.89
2199,190227.4
2200,151873.47
2201,149561.02
2202,191578.72
2203,144812.52
2204,169708.42
2205,109423.73
2206,150510.67
2207,225037.39
2208,254121.97
2209,244312.83
2210,118849.34
2211,123155.09
2212,115639.56
2213,104065.14
2214,135827.45
2215,97657.266
2216,145536.94
2217,64268.15
2218,60097.9
2219,62246.76
2220,40666.758
2221,315467.88
2222,289899.94
2223,297106.56
2224,222460.7
2225,124584.0
2226,186908.83
2227,212144.69
2228,284817.97
2229,252203.77
2230,153607.95
2231,221586.0
2232,193008.42
2233,185946.83
2234,254114.89
2235,228260.92
2236,257256.58
2237,316549.56
2238,215384.27
2239,104972.9
2240,159392.36
2241,134290.3
2242,122933.34
2243,123650.695
2244,99127.92
2245,97870.664
2246,124001.69
2247,139946.78
2248,121645.75
2249,111154.914
2250,120635.63
2251,100191.27
2252,199473.95
2253,163489.78
2254,178950.67
2255,197094.64
2256,170808.5
2257,208329.52
2258,150811.9
2259,179422.17
2260,143716.2
2261,203874.95
2262,214720.9
2263,354052.97
2264,423737.47
2265,160474.77
2266,288056.28
2267,359482.38
2268,382530.78
2269,158830.72
2270,195212.7
2271,212928.89
2272,211724.86
2273,154982.84
2274,188385.14
2275,171800.02
2276,182917.6
2277,181588.98
2278,156544.89
2279,118968.15
2280,101779.41
2281,171476.36
2282,185946.77
2283,111450.305
2284,110473.125
2285,134996.56
2286,118616.41
2287,350184.03
2288,286364.25
2289,335960.88
2290,399156.38
2291,329122.94
2292,391900.9
2293,417952.44
2294,367747.03
2295,440927.62
2296,265267.5
2297,345470.78
2298,345702.72
2299,345865.0
2300,314366.75
2301,319483.38
2302,257135.8
2303,246103.08
2304,253009.02
2305,208522.27
2306,200600.75
2307,213407.61
2308,225725.17
2309,288995.28
2310,223465.02
2311,220171.78
2312,185642.67
2313,174604.7
2314,179044.67
2315,189011.08
2316,209450.14
2317,190078.45
2318,185913.83
2319,190179.58
2320,180938.19
2321,241184.7
2322,197154.39
2323,191492.1
2324,194372.45
2325,216378.36
2326,179598.3
2327,203288.89
2328,226185.52
2329,193627.7
2330,188661.77
2331,331227.2
2332,355280.1
2333,305206.47
2334,260233.53
2335,279910.16
2336,300261.28
2337,190774.73
2338,256285.62
2339,226803.16
2340,381721.03
2341,218295.66
2342,232837.45
2343,235890.61
2344,217871.97
2345,233676.56
2346,210418.53
2347,196235.05
2348,244608.52
2349,195317.42
2350,307599.0
2351,259338.62
2352,248304.53
2353,255086.95
2354,149284.39
2355,149157.69
2356,149710.89
2357,195138.42
2358,192852.17
2359,126613.75
2360,109919.69
2361,156402.83
2362,254917.36
2363,132715.7
2364,176762.92
2365,222004.36
2366,196775.1
2367,215022.27
2368,217141.27
2369,211580.97
2370,174663.84
2371,159243.16
2372,189186.97
2373,289500.62
2374,307641.0
2375,249648.64
2376,298917.25
2377,320684.22
2378,145757.48
2379,215650.52
2380,139965.17
2381,172726.64
2382,215713.3
2383,197754.81
2384,245340.47
2385,163507.7
2386,121536.695
2387,120144.54
2388,112046.83
2389,122423.01
2390,152395.14
2391,143449.67
2392,112886.69
2393,177311.53
2394,140287.84
2395,216933.83
2396,138773.48
2397,215938.56
2398,139559.7
2399,65972.914
2400,64028.707
2401,122724.89
2402,142373.31
2403,144092.61
2404,155738.27
2405,166636.11
2406,139148.42
2407,121033.01
2408,142173.47
2409,106346.31
2410,180224.48
2411,110401.555
2412,150342.2
2413,120039.55
2414,158959.53
2415,134896.53
2416,126208.36
2417,138930.7
2418,132754.77
2419,123064.86
2420,122332.94
2421,132459.78
2422,99359.34
2423,131994.64
2424,156000.53
2425,233831.86
2426,158944.36
2427,132087.73
2428,196312.2
2429,96648.555
2430,128103.64
2431,102098.234
2432,150784.45
2433,152650.48
2434,143272.95
2435,164817.94
2436,105315.875
2437,86848.66
2438,111202.414
2439,105899.64
2440,127397.24
2441,105446.73
2442,95550.2
2443,142715.52
2444,133419.9
2445,82305.516
2446,143043.58
2447,211458.67
2448,140471.33
2449,116839.23
2450,159045.89
2451,129904.27
2452,203723.45
2453,88839.39
2454,125136.484
2455,147182.08
2456,136332.72
2457,139318.7
2458,133824.72
2459,115036.164
2460,159153.73
2461,126363.96
2462,134923.33
2463,129687.266
2464,184923.97
2465,139370.36
2466,114097.55
2467,147794.05
2468,94610.266
2469,83652.87
2470,204257.2
2471,215012.8
2472,172513.05
2473,109405.65
2474,58661.195
2475,216509.27
2476,96779.2
2477,104781.14
2478,152490.98
2479,92488.25
2480,158505.39
2481,123856.664
2482,114109.805
2483,94332.62
2484,133667.31
2485,117979.67
2486,156536.58
2487,205542.58
2488,177584.0
2489,158372.94
2490,138470.69
2491,97159.43
2492,197603.3
2493,159798.31
2494,148579.27
2495,67770.09
2496,239053.11
2497,150133.36
2498,109159.31
2499,82052.44
2500,119370.25
2501,129055.32
2502,150019.27
2503,103326.516
2504,180551.86
2505,224942.14
2506,263034.3
2507,288230.88
2508,260524.62
2509,224495.98
2510,220034.53
2511,178970.48
2512,208502.1
2513,229761.89
2514,254934.05
2515,150970.36
2516,181299.84
2517,149690.33
2518,155894.25
2519,234992.31
2520,223623.53
2521,189544.67
2522,227055.89
2523,104990.44
2524,136784.36
2525,144423.92
2526,149138.73
2527,107077.016
2528,121524.61
2529,148573.9
2530,123352.62
2531,252525.8
2532,225381.48
2533,206620.48
2534,243600.38
2535,271589.5
2536,225963.88
2537,243119.1
2538,192414.44
2539,192860.64
2540,189616.48
2541,188107.14
2542,167414.42
2543,113383.18
2544,108251.92
2545,137672.3
2546,128344.25
2547,151689.98
2548,164735.84
2549,168735.27
2550,627470.3
2551,136190.38
2552,135571.88
2553,55441.99
2554,85692.67
2555,112686.58
2556,84417.766
2557,97153.47
2558,173973.42
2559,132877.16
2560,177351.52
2561,154194.33
2562,150960.86
2563,148127.48
2564,201683.77
2565,172641.02
2566,163290.55
2567,131602.78
2568,227814.14
2569,234229.45
2570,114474.97
2571,189912.19
2572,153112.77
2573,225243.78
2574,267726.28
2575,137061.27
2576,140707.78
2577,167206.9
2578,68150.48
2579,36073.91
2580,98190.09
2581,128266.734
2582,125669.61
2583,291978.3
2584,176390.27
2585,200015.22
2586,220476.23
2587,207413.1
2588,140912.45
2589,145153.64
2590,223287.14
2591,252122.83
2592,221866.36
2593,269707.72
2594,177695.08
2595,214700.34
2596,310543.78
2597,205167.38
2598,282396.6
2599,335506.0
2600,169234.8
2601,144743.47
2602,67444.195
2603,84119.64
2604,86054.28
2605,62803.72
2606,140894.08
2607,235607.92
2608,206497.83
2609,169631.28
2610,109819.74
2611,121683.8
2612,160852.86
2613,125013.16
2614,106853.984
2615,165198.73
2616,164231.83
2617,207510.31
2618,242114.05
2619,215746.19
2620,198586.38
2621,176400.23
2622,187337.44
2623,234139.02
2624,304472.3
2625,271710.06
2626,178643.58
2627,167212.23
2628,422980.3
2629,444004.8
2630,355480.06
2631,418153.53
2632,383098.78
2633,295767.3
2634,387847.25
2635,151754.94
2636,176231.61
2637,193817.92
2638,265496.94
2639,183070.34
2640,154479.8
2641,101037.14
2642,187706.23
2643,115036.25
2644,116112.2
2645,106551.91
2646,93837.72
2647,107880.125
2648,134857.3
2649,151049.14
2650,125032.375
2651,133823.22
2652,366492.8
2653,256324.92
2654,265227.34
2655,385914.75
2656,325640.5
2657,339602.6
2658,304932.4
2659,308936.9
2660,348882.25
2661,338813.5
2662,357640.84
2663,283421.72
2664,280252.78
2665,337309.2
2666,292982.28
2667,187315.53
2668,189959.14
2669,187844.36
2670,273360.75
2671,197892.12
2672,202716.89
2673,197796.88
2674,202152.97
2675,181437.55
2676,200694.23
2677,203840.08
2678,245414.77
2679,287208.16
2680,281178.84
2681,373686.16
2682,313059.7
2683,450036.38
2684,306862.75
2685,320824.25
2686,265437.38
2687,297610.06
2688,210876.72
2689,207187.45
2690,360581.8
2691,190817.8
2692,149776.95
2693,205114.16
2694,139139.14
2695,204279.47
2696,188884.27
2697,188975.05
2698,205914.88
2699,167488.98
2700,145634.06
2701,148590.22
2702,111326.89
2703,125997.24
2704,151458.47
2705,103965.27
2706,81656.67
2707,120711.95
2708,128387.2
2709,111651.31
2710,125522.12
2711,282897.12
2712,378894.16
2713,170137.48
2714,145568.92
2715,176671.53
2716,144169.77
2717,189845.05
2718,214354.89
2719,141968.19
2720,189577.39
2721,122149.625
2722,156027.58
2723,147692.8
2724,112190.66
2725,120806.695
2726,140213.86
2727,178919.39
2728,191375.81
2729,145347.45
2730,142486.05
2731,130468.55
2732,137004.77
2733,170438.31
2734,145722.95
2735,131974.3
2736,140855.58
2737,117486.69
2738,125785.914
2739,156014.33
2740,145120.06
2741,137676.64
2742,172842.58
2743,154033.11
2744,167270.3
2745,148607.9
2746,132821.2
2747,159186.14
2748,114779.7
2749,135268.16
2750,114012.72
2751,135132.44
2752,213985.33
2753,165355.02
2754,259878.34
2755,141902.8
2756,90620.52
2757,72853.98
2758,90105.55
2759,172751.77
2760,129623.1
2761,144676.61
2762,126150.47
2763,197637.17
2764,157229.36
2765,286757.5
2766,119468.92
2767,84653.05
2768,123585.73
2769,137047.61
2770,146036.86
2771,97125.81
2772,103552.02
2773,178140.8
2774,141595.92
2775,123626.836
2776,146833.89
2777,157226.95
2778,116022.13
2779,120739.72
2780,95387.586
2781,79899.67
2782,80230.125
2783,93251.14
2784,125480.92
2785,141471.06
2786,54070.008
2787,119161.38
2788,62041.004
2789,173890.92
2790,106060.586
2791,107119.58
2792,61370.8
2793,159566.55
2794,92897.086
2795,119190.89
2796,98055.47
2797,195356.23
2798,120289.305
2799,111237.2
2800,70045.08
2801,104189.45
2802,120639.516
2803,155590.77
2804,137467.66
2805,109187.08
2806,66014.77
2807,167308.72
2808,163520.98
2809,117184.77
2810,119549.055
2811,184753.66
2812,180420.28
2813,151865.55
2814,147659.34
2815,116114.28
2816,229589.48
2817,170931.27
2818,123362.98
2819,194001.3
2820,137600.52
2821,118482.02
2822,185576.33
2823,309235.84
2824,175776.14
2825,176387.17
2826,135972.92
2827,127705.07
2828,226711.03
2829,226973.39
2830,236230.75
2831,192970.52
2832,242126.72
2833,301595.1
2834,226553.06
2835,228423.28
2836,205960.89
2837,160918.7
2838,140829.95
2839,172978.12
2840,202888.39
2841,203759.86
2842,231920.55
2843,148736.44
2844,184566.3
2845,120041.27
2846,213083.02
2847,218262.27
2848,205660.83
2849,200171.61
2850,276572.25
2851,210641.56
2852,233814.17
2853,233317.03
2854,145905.45
2855,205915.16
2856,206441.45
2857,191315.88
2858,212751.2
2859,90686.164
2860,147457.48
2861,124843.5
2862,208381.25
2863,137504.0
2864,253892.55
2865,139541.11
2866,146615.3
2867,83916.2
2868,110230.85
2869,96863.414
2870,123896.76
2871,83069.516
2872,11494.062
2873,91613.125
2874,144856.38
2875,107574.22
2876,166580.67
2877,140528.53
2878,152487.61
2879,131098.31
2880,90809.445
2881,141085.36
2882,181503.05
2883,198536.86
2884,207170.98
2885,183891.06
2886,244898.17
2887,107308.3
2888,148939.66
2889,50658.68
2890,73826.64
2891,139488.47
2892,38501.89
2893,74723.516
2894,32445.629
2895,329506.0
2896,289232.6
2897,214366.33
2898,138631.7
2899,212295.75
2900,163514.38
2901,218179.16
2902,186648.92
2903,316108.6
2904,336334.84
2905,68807.32
2906,210996.67
2907,108748.95
2908,114333.36
2909,135938.94
2910,70081.09
2911,71323.42
2912,150437.83
2913,66432.06
2914,66115.164
2915,78980.29
2916,74817.71
2917,179747.89
2918,111828.74
2919,237245.33
